Packet Size 200
0.858369
0.110072
0.113766
100.000000
0.234192
2.272727
0.158353
0.249066
0.126342
0.348432
0.218341
0.100402
0.207254
0.900901
0.176367
0.975610
0.377358
0.279720
0.179211
0.203252
0.181488
0.254130
0.272851
0.399202
0.208986
0.140944
0.365631
0.336700
0.293255
0.131320
0.208986
0.217865
0.651466
0.121507
0.503778
0.046609
0.201005
0.174978
0.261780
0.104004
0.278552
0.564972
0.153610
0.349650
0.461894
0.216920
0.334448
0.711744
0.207039
0.271739
0.216216
0.404858
0.247525
0.441501
0.449438
0.180832
0.248447
0.322061
0.318471
0.193986
0.244798
66.666667
0.340716
0.454545
0.093458
0.184672
0.239521
0.892857
0.238663
0.722022
0.267380
0.101266
0.117233
0.232558
0.377358
0.074184
0.305344
0.227015
0.205761
0.208117
0.178571
0.205550
0.224972
0.843882
0.194175
0.240964
0.213675
0.079840
0.341297
0.339559
0.247525
0.337838
0.139276
0.161160
0.345423
0.180668
0.194932
0.096015
0.206186
0.152207
0.180343
0.170648
0.215750
0.325203
0.241255
0.221484
0.251572
100.000000
0.276243
0.961538
0.204499
0.153610
0.163800
0.183318
0.239521
0.881057
0.432900
0.242424
0.109589
0.355872
0.240385
0.194363
66.666667
0.236967
0.248756
0.221484
0.213904
0.172861
66.666667
0.305810
0.203874
0.343053
0.203046
1.212121
0.225989
0.220994
0.288600
0.277778
0.344828
0.909091
0.299850
0.257732
0.216216
0.183486
0.223964
0.140252
0.205761
0.230681
0.235571
0.586510
0.136705
0.501253
0.146520
0.193986
0.238095
0.198610
0.267380
0.260417
0.169924
100.000000
0.140944
0.311042
0.210970
0.189215
1.379310
0.709220
0.307220
0.179051
0.304414
0.125313
0.025883
0.431034
0.336134
0.149589
0.314465
0.321027
0.259067
0.235294
100.000000
0.225989
0.209424
0.378788
0.174978
1.069519
1.307190
0.116347
0.249377
66.666667
50.000000
0.315457
0.216685
0.149142
0.196464
0.172563
0.234742
0.226757
0.199402
0.286944
0.175285
2.739726
